x1;x2;x3
-0.829997906138265;-1.82719108296903;-1.31931479896794
0.533186543818865;-0.444911823872137;-1.79519332005601
2.44691266105148;-0.35530102052751;-0.872064962879702
-0.327790604819069;-0.551218328189208;-0.0513394576998097
0.691068923098996;-2.39611805380822;1.21767616326462
0.290856361424538;1.55480342429042;3.2513855929453
-0.0322243469900247;0.367089401892214;4.69907051516526
1.41363161724737;-0.248995091631827;6.96113645609634
0.493410321399511;0.181751061268382;10.2057433438523
-1.10873862208405;-0.368616467964097;12.1339472987219
-0.151010843286863;1.00069196058398;13.732000731601
-0.647246229525297;-1.19429221528792;15.262942320206
0.115427678309059;0.705551008823301;16.5025691717166
0.671779856029263;1.90814793654116;17.5773397774931
0.333494291972989;0.808513239616806;17.9070111330771
-0.610796799298011;-0.424262809757932;17.7115938720594
2.01816225037373;0.217415517730578;18.5604763975675
-0.758880688538057;1.97132661154104;18.4991347572195
-2.07895009706727;0.689577568328075;15.7810092961152
0.16359380801769;2.52662140381306;12.5292234897183
-0.294451081691946;2.07213347477816;9.54276002539378
-0.913352853125386;-0.99376016334597;7.10692327039964
0.242953442498353;-1.02358191256273;4.99131847632681
-2.06418184493544;-0.942403992991023;1.68858464774458
0.577839188915751;-0.0353131669475333;-0.845250353374534
-0.397268837701183;-0.171458653698339;-2.26456261512126
-1.66012491771783;1.84820023256322;-4.90063930618678
-0.0100874537606637;2.2502203471536;-6.74034246659283
0.187069099193108;-1.34493689097886;-8.4066649930514
-2.41366485542279;-2.57044328778344;-10.8569068198805
0.0754977583289229;-2.19056375320781;-11.2854399428466
-0.879121296133239;-1.70963328580149;-11.4157196400683
-1.64870569616705;-1.55383347532365;-13.0653696269295
-0.591801344897026;1.19376731232756;-14.76549219747
0.0519205807654717;0.528150144637838;-15.3224076132555
-1.18064506875155;-0.298808538030113;-15.1920186151342
0.111736493523832;-0.585759087147338;-15.7999231748375
-0.567701918583243;-0.962820703523706;-16.3796258708155
0.222300318121033;-0.351422001867584;-15.3025585163124
0.470319477473919;0.56434570632092;-14.4661213946826
-1.94822261499887;1.37843445571953;-15.0780419942476
0.703173893646472;1.25618459577145;-14.6331258977091
0.733441669671572;2.0857735053447;-14.3433630697896
-0.470972857154845;0.919704810341731;-14.1059434713887
0.0656694634272328;1.09841833917272;-12.9391448195095
-1.00074193023168;0.773246287380887;-13.0535791673671
-0.875510937653938;1.42963325851238;-14.9080039953364
0.373078426994208;1.81400685100259;-15.9607426222184
0.259244084076399;0.430199010102381;-15.4098051022077
0.80947579532913;1.20506730696169;-14.4342735031329
2.24121044246328;1.94333245456503;-12.4841005038436
0.0194823751083627;1.87884234550341;-10.1310289889021
-0.793522178401036;0.688838711493103;-9.08425339313605
1.12379950557482;2.78280552745281;-8.59488644471286
0.894043819991489;3.86408912314573;-6.3469855491287
1.7199585763122;2.06049815640946;-3.50799307222301
0.894737661266652;2.27842883081849;-1.02893537946437
-1.83123990353417;1.91280881177331;-0.222245690424399
-2.13339562903499;2.96792926279718;-1.57218315857924
0.297369954396319;4.26261071257055;-3.1417807533276
-0.452172565231364;4.23346111803768;-4.95258398604943
0.00893784592033592;2.9821081383178;-6.58303322889555
0.0997304723741468;3.59574987431534;-8.40991322515426
0.0313117459801962;1.4587129573793;-10.0253377703481
-1.08468476316117;2.15233440414328;-11.4628878336452
1.5580818874343;1.87850137431089;-11.384576034811
2.44044471424774;1.63860814460247;-9.72414411485531
1.59650274153258;3.07223055905677;-7.08293114445362
1.1783220663981;2.82545679209699;-4.40360172360303
-0.241791489587462;3.39407952797607;-1.91193608627294
0.815825800402157;0.998167163252585;1.38979891690963
-0.0450540124755462;2.32496375747399;3.84033291878322
-1.00158295505158;2.43987504278855;4.81591546193131
0.917480173334367;0.772360802148932;6.15426000348786
-0.218302250156882;1.35463483271327;7.95194853192792
0.53587239265321;0.105982616324053;9.3399880074457
-1.41220357116037;0.820192736645533;9.50964589831964
0.549253169297883;0.992211753588914;8.37453583218478
1.47256198793018;0.662438329094761;8.82671167654206
2.30304726338782;0.895066786863231;10.6792908570769
-0.0312961230736734;0.770787459695535;12.0565064676643
3.08793508221968;0.409227580071823;15.0141091679991
2.98044217997104;-1.23339077913803;19.8565558164715
1.78059483772908;-2.13602971959825;25.2685303911545
-1.96158881422176;-3.10471305552207;27.3486724550775
-1.0645061527678;0.0474104710890156;25.6726474342064
0.468886163809217;-0.956878916246348;24.7447045544588
-0.292827811872247;-1.07915069274765;23.9997887731704
-1.57991886137151;-1.53921212779865;22.4002996540538
0.221449919845244;-2.66253594997526;21.9296132729598
3.08262689777098;-2.26015263992341;23.6647120291127
-0.736193404285834;-2.69307308664597;24.3120404875795
-1.29503259218597;0.9390383292581;22.7005950121889
1.31015320070033;-0.898454732707446;20.9601268693388
1.25161411445592;-1.59519894884768;19.9723018820784
1.40304452351471;-1.36066726352914;19.6250202399827
-1.23414033898817;-2.76801578044064;20.3728827245683
-1.38320164596836;-0.521657097516633;20.4812557626428
2.47530785222881;-1.89972793996651;21.8769732631857
0.418185790467038;0.503834135961896;24.8643548302311
-0.0465321773929117;-0.650819873344907;26.9489289564352
-0.272518823300874;0.605202230231771;27.2990966748763
1.36454971434229;-0.637865693809202;27.2630089316248
0.438943739921085;-1.12978964739292;29.3858466713636
-0.442527323975257;-2.05104660001621;31.3396844597393
0.647964975713293;-1.53716311292469;33.1178507164884
1.55190381213883;0.102109387419836;35.966080660352
1.05575810594171;-1.51754224396315;39.0159530533953
0.652066052311953;-0.00561418915466852;40.9170493006594
-1.28869480163454;-0.721548099473346;41.6265952961542
4.01690422061161;-0.983281883310216;43.9273333590952
1.50217107824768;-1.54979291645046;47.552699880788
0.653458260906325;-0.832687296479659;50.3479395157898
-0.986437541423204;-0.337587176921984;52.1272674107434
1.29649787421221;-0.869063077210611;53.7740457145553
0.368532376213872;-1.63628304479259;54.0778610293066
-0.011542467276269;-0.197152026488572;54.3102910931624
3.48751430652837;-0.25310967137735;57.3565275546018
2.48782809671352;-0.770732425340167;61.7542740216588
0.857379599213452;-0.526773581669206;64.9975035089993
-2.40391780578865;0.964140517573872;64.9448187010595
-0.0340992103452625;-0.0227620152416459;64.10289440849
1.10391660796042;-0.0406948491109599;63.3886144364211
0.37736006693128;0.0284947649472407;62.4150628500036
-0.122877173340597;-1.26648682677877;61.7621528368513
0.745047899925485;-0.520940671678169;61.9472891009724
0.948840767867844;-0.664659137895716;62.8680501910839
-2.04418438964224;0.608496457263185;62.4412659815525
2.39663950638513;0.0742187781183224;63.1865626558353
1.98151636207688;-0.309764413078905;64.6554483974144
-1.68604167595646;-1.24618307518726;62.8102448925959
-1.05254574276602;-0.945102431258715;59.9522835670652
-1.79240713756182;-0.791346623178865;58.171988327325
0.062694321619446;-0.466333769479222;56.3153803705307
0.471160780017902;2.65844003798076;56.311429529279
1.19786014250667;1.29045129053703;57.8664421454969
-0.0189416809477214;0.209453553453152;59.1417917572231
1.94555280269842;0.37651316910855;61.1451417482953
0.15168241011938;0.437457101983849;62.9020501649934
-2.66011762815032;0.314248390147853;62.0364593221805
0.350643129021541;-2.33022768041502;59.5322795465933
-1.6640613891154;0.911975838924302;56.7541647798863
-2.15487766940166;0.032203014796616;54.5264479057233
0.0199039953957385;-0.474962087935007;53.1265111816047
1.52055037300587;0.348968726245694;53.9156330157856
-0.488252700370341;-1.15767973201395;55.1643945489582
0.690265660213822;-2.04152761051625;54.7778329428679
-1.24847987857205;-0.33802088222903;53.0849196489589
0.203495564872664;2.84686028752603;51.571415674103
0.801102722375569;1.60783742600463;50.7821138175727
0.70257180292082;0.587090515476575;51.1732881126725
-0.981379973123901;-1.36167353751078;52.3543119382768
0.0533528362467598;-2.8423002241092;53.5462202127119
-1.36924997518294;-2.63609433762464;53.846531976495
-0.54166873468804;0.584283928504459;52.9649051355762
-1.07632750323076;4.02665958757291;51.4599825558279
2.92106262902654;1.71140955639602;51.5311946399094
1.53775268870151;1.22768790301398;54.5557885398208
-0.407771725745914;-1.10316969085273;56.8780539225164
-2.98938320059605;-1.42491700347935;55.9761595742213
-1.30519633616386;0.692582637398823;53.0349889361597
-0.0731002724368272;2.73445123438277;51.1156061173357
2.06489255616489;2.37464422957434;51.2621390868904
-1.42876474754351;0.283574991616817;50.2789287675136
-0.0258425353561149;0.481714210245808;48.4778722371318
-0.133438132032326;-2.04614125640539;48.2194569552179
0.926591029207131;-0.981332531770064;49.4154276875598
0.311480012741839;-0.768165227531289;51.4812639429254
1.86898559571005;1.03322038483419;53.3192073266048
0.944931817616124;2.13306852721667;54.0660914108213
-1.32034302846951;1.08611915843432;53.7655003032579
-2.05585022791568;1.87737914694818;52.7810756843495
-0.150371671367932;-1.08925696443578;52.7518496398737
0.99344589569138;0.742749583503616;53.4509234336022
-1.32444764108045;2.46534311716983;51.9133702699098
-0.840708546232724;3.57269330913453;50.9006427594527
1.68232447097606;2.24163541923472;52.353808143546
1.83749425580567;1.06422117124418;54.8068959358187
1.39795642250564;0.270004823827254;57.3239376716634
-0.576177768815927;-2.4643851379543;57.7801227600045
-0.877140527077901;-0.996441465616434;56.6465558031658
-1.42623977118685;3.14341349851195;54.7746821398192
-1.04569839866228;3.50336848444997;52.5919598959865
-0.18196394861074;3.47186951134499;51.4126960241258
1.82794657319878;2.04225793160437;51.7988461290567
-0.0434268076913823;0.646737813589519;52.4404586078066
-2.20107797693979;-0.288656410381671;52.1416004792353
1.12492258837689;-2.41767264846923;51.5293268701517
-0.682198992959025;0.188157712578959;49.8539517059213
0.234963809475935;-0.0963054114427686;47.700647116951
1.4620902595098;1.91476990712113;47.71559164239
-2.05218685440945;-0.518384487353511;47.2834250552413
-2.31855992892914;-1.87067228314978;44.3457138651196
-3.63947373760798;-1.07345175730536;39.2686752366375
-2.37093928038751;-1.10749343389065;33.1868306137605
0.923387735867777;-2.23154835919297;29.7277444194521
0.706373555356611;-2.64587125816281;28.1103673455532
-0.0882106072290875;-1.49894635289438;27.0894991982505
-0.372556961372295;-2.63635355536492;26.6656958077111
-0.0734743905587072;-3.24963829324834;26.2979422274193
